0.011859 1834.035000 75.203860
0.012467 1801.595000 159.842301
0.013075 1704.530000 198.319939
0.013683 1645.265000 298.123612
0.014291 1663.560000 254.485687
0.014899 1637.220000 249.547290
0.015507 1621.925000 170.580920
0.016115 1615.965000 181.907168
0.016723 1645.980000 110.902922
0.017331 1627.970000 122.463726
0.017939 1614.675000 71.247313
0.018547 1605.435000 86.017209
0.019155 1585.270000 60.282618
0.019763 1607.980000 57.354598
0.020371 1577.170000 49.394958
0.020979 1564.955000 47.227707
0.021587 1563.805000 38.249127
0.022195 1531.480000 33.542292
0.022803 1522.885000 32.075658
0.023411 1505.185000 27.833420
0.024019 1497.980000 23.618933
0.024627 1498.740000 19.552764
0.025235 1495.435000 19.831676
0.025843 1479.480000 18.355185
0.026451 1463.515000 17.487717
0.027059 1466.840000 13.986740
0.027667 1446.270000 15.584617
0.028275 1443.755000 11.532118
0.028883 1431.235000 11.532520
0.029491 1417.090000 10.698750
0.030099 1397.275000 10.643420
0.030707 1402.160000 7.975766
0.031315 1378.000000 10.678060
0.031923 1373.365000 8.058756
0.032531 1360.360000 7.948845
0.033139 1338.475000 7.540880
0.033747 1341.720000 7.956650
0.034355 1316.090000 6.709804
0.034963 1312.450000 7.131172
0.035571 1301.745000 7.111716
0.036179 1290.695000 7.265266
0.036787 1281.445000 6.436608
0.037395 1251.980000 6.428684
0.038003 1243.105000 5.432309
0.038611 1227.515000 6.282806
0.039219 1216.955000 6.660606
0.039827 1202.850000 5.630620
0.040435 1193.340000 5.910752
0.041043 1176.855000 5.951751
0.041651 1167.235000 5.978259
0.042259 1151.935000 5.711798
0.042867 1143.125000 6.241185
0.043475 1127.970000 4.874701
0.044083 1118.360000 5.676956
0.044691 1097.905000 5.237271
0.045299 1090.185000 5.387988
0.045907 1067.945000 5.449124
0.046515 1061.875000 5.526733
0.047123 1034.925000 5.146451
0.047731 1033.205000 4.811653
0.048339 1020.535000 5.248206
0.048947 1003.604000 4.751039
0.049555 997.285500 5.055467
0.050163 968.191000 4.320270
0.050771 966.983000 4.577165
0.051379 948.908500 4.265235
0.051987 934.884000 4.717069
0.052595 928.168500 4.354850
0.053203 912.645000 4.098728
0.053811 899.940000 4.282552
0.054419 885.564000 4.232556
0.055027 867.372000 4.078056
0.055635 856.253500 4.508556
0.056243 837.630000 3.824648
0.056851 830.154500 3.751302
0.057459 818.111000 3.710069
0.058067 802.012000 3.980695
0.058675 798.808000 3.438161
0.059283 780.517500 3.570666
0.059891 768.472500 3.864180
0.060499 756.888000 3.541302
0.061107 743.974500 4.047368
0.061715 735.010000 3.541599
0.062323 725.582500 3.767269
0.062931 716.843000 3.361807
0.063539 705.006500 3.635625
0.064147 696.975000 3.609655
0.064755 683.178500 3.739291
0.065363 667.999500 3.526359
0.065971 660.853500 3.738266
0.066579 651.444000 3.630630
0.067187 638.496500 3.858095
0.067795 626.908000 3.433257
0.068403 621.342000 3.296674
0.069011 608.954500 3.269808
0.069619 598.821500 3.491017
0.070227 589.953500 3.379852
0.070835 567.264500 3.481547
0.071443 564.490000 3.335719
0.072051 554.000000 3.505292
0.072659 542.745500 3.240754
0.073267 534.299500 2.932561
0.073875 518.541500 3.284340
0.074483 509.430500 3.037587
0.075091 501.747500 3.128951
0.075699 487.772500 2.694675
0.076307 480.903000 3.277875
0.076915 475.028500 2.928103
0.077523 465.043000 3.467004
0.078131 456.886500 2.882588
0.078739 452.339500 2.996028
0.079347 441.103500 2.662362
0.079955 429.179000 3.143655
0.080563 423.394000 3.909742
0.081171 409.342000 2.957163
0.081779 402.533500 2.803813
0.082387 393.127000 2.748446
0.082995 389.761500 2.905874
0.083603 381.678000 2.583178
0.084211 374.563500 2.657352
0.084819 364.938500 2.521918
0.085427 357.708000 2.684004
0.086035 349.413500 7.718720
0.086643 342.157000 2.468588
0.087251 332.999000 10.066481
0.087859 326.061000 2.804681
0.088467 320.218500 4.729927
0.089075 315.851500 2.680568
0.089683 305.175500 2.360550
0.090291 301.765500 2.548859
0.090899 293.026000 2.343264
0.091507 282.849000 2.344316
0.092115 280.238500 2.224415
0.092723 270.261000 2.440622
0.093331 263.251000 2.246761
0.093939 259.695000 2.400699
0.094547 252.553500 2.248667
0.095155 246.679500 2.204548
0.095763 239.640500 2.165723
0.096371 238.370000 2.242558
0.096979 227.592000 2.169909
0.097587 223.767000 2.039111
0.098195 220.399500 2.155168
0.098803 217.141500 2.067696
0.099411 211.760500 2.016788
0.100019 205.536000 1.899775
0.100627 198.730000 4.974919
0.101235 197.502500 1.976616
0.101843 191.576500 2.765809
0.102451 190.986500 2.002418
0.103059 184.255000 2.008070
0.103667 179.555000 2.136971
0.104275 174.721000 2.086323
0.104883 169.058000 2.031621
0.105491 165.153000 2.065436
0.106099 158.914000 1.904579
0.106707 157.079000 1.982767
0.107315 153.314500 2.014038
0.107923 153.279500 1.779932
0.108531 147.530000 1.932386
0.109139 143.536000 1.922902
0.109747 136.907500 1.864868
0.110355 132.625500 1.761178
0.110963 131.752000 1.921885
0.111571 127.030500 1.799373
0.112179 123.773000 1.918293
0.112787 120.346000 1.845190
0.113395 119.326500 1.857859
0.114003 114.752000 1.805121
0.114611 114.247500 1.930447
0.115219 109.914500 1.674024
0.115827 106.625500 1.777259
0.116435 104.104500 1.747262
0.117043 103.117500 1.795680
0.117651 98.059800 1.636325
0.118259 96.567050 1.803639
0.118867 93.612850 1.656176
0.119475 91.097000 1.734391
0.120083 91.027300 1.692925
0.120691 87.513250 1.688812
0.121299 85.501700 1.706272
0.121907 80.593050 1.696677
0.122515 78.660700 1.672633
0.123123 78.183950 1.689239
0.123731 75.924400 1.615483
0.124339 75.945950 1.682161
0.124947 73.261700 1.588947
0.125555 70.128500 1.678666
0.126163 69.901400 1.708160
0.126771 68.728850 1.635200
0.127379 63.415150 1.642564
0.127987 62.901600 1.625056
0.128595 60.002000 1.620159
0.129203 59.827950 1.556327
0.129811 59.065650 1.681948
0.130419 56.688250 1.585632
0.131027 55.198700 1.646894
0.131635 56.328500 1.787913
0.132243 54.285300 1.669961
0.132851 54.817950 3.059976
0.133459 51.636250 1.568987
0.134067 49.423050 1.646539
0.134675 48.776400 1.550981
0.135283 48.358400 1.635546
0.135891 48.354750 1.581367
0.136499 42.670900 1.543462
0.137107 44.482000 1.521196
0.137715 43.432850 1.591856
0.138323 42.020000 1.469476
0.138931 41.069600 1.551233
0.139539 42.691200 1.612038
0.140147 39.173850 1.516508
0.140755 39.772100 1.487547
0.141363 36.518550 1.614679
0.141971 35.898600 1.492553
0.142579 34.367800 1.545366
0.143187 34.584250 1.481501
0.143795 34.042550 1.595210
0.144403 34.415500 1.436236
0.145011 33.228950 1.525241
0.145619 31.858900 1.521007
0.146227 30.896750 1.520066
0.146835 30.812450 1.491534
0.147443 32.990500 1.391498
0.148051 29.130750 1.460116
0.148659 30.482600 1.418626
0.149267 28.309800 1.463931
0.149875 29.950650 1.473193
0.150483 26.905900 1.497530
0.151091 26.605650 1.392999
0.151699 28.388150 1.526612
0.152307 25.584400 1.388767
0.152915 27.663700 1.466057
0.153523 26.315250 1.410940
0.154131 25.436900 1.403188
0.154739 24.407850 1.327024
0.155347 22.239400 1.381577
0.155955 22.775500 1.394051
0.156563 21.204500 1.434138
0.157171 20.623700 1.330839
0.157779 23.039300 1.444344
0.158387 21.962850 1.350709
0.158995 22.295650 1.432349
0.159603 22.797800 1.397758
0.160211 19.798850 1.439517
0.160819 20.372200 1.406620
0.161427 19.731950 1.326485
0.162035 20.578000 1.418549
0.162643 20.541800 1.386520
0.163251 19.689800 1.407616
0.163859 17.717550 1.408975
0.164467 19.553350 1.497242
0.165075 18.841450 1.392541
0.165683 18.902050 1.644047
0.166291 18.983700 1.396771
0.166899 17.573450 1.706663
0.167507 19.729500 1.367460
0.168115 19.558200 1.331603
0.168723 19.309550 1.369488
0.169331 18.998700 1.334445
0.169939 18.120500 1.569075
0.170547 18.728100 1.371443
0.171155 16.715700 1.315042
0.171763 15.647800 1.290258
0.172371 15.314950 1.344413
0.172979 15.935600 1.374969
0.173587 14.965400 1.345784
0.174195 14.920900 1.317067
0.174803 16.664450 1.366658
0.175411 15.293550 1.271235
0.176019 15.443300 1.337726
0.176627 16.403850 1.282013
0.177235 15.029950 1.364036
0.177843 14.946400 1.297692
0.178451 11.935900 1.323313
0.179059 12.210900 1.241187
0.179667 11.633700 1.310483
0.180275 12.698600 1.280085
0.180883 11.655050 1.300630
0.181491 12.625350 1.240913
0.182099 11.598750 1.309218
0.182707 11.313900 1.937210
0.183315 11.838150 2.220254
0.183923 9.896265 1.460752
0.184531 10.908365 1.426035
0.185139 10.003710 1.235507
0.185747 12.074150 1.275714
0.186355 11.297250 1.239076
0.186963 11.006700 1.220547
0.187571 11.618250 1.239416
0.188179 11.233550 1.269667
0.188787 11.611700 1.257265
0.189395 8.870830 1.213208
0.190003 10.578250 1.246285
0.190611 10.957700 1.185974
0.191219 9.128830 1.237194
0.191827 12.166100 1.207439
0.192435 10.738450 1.227428
0.193043 12.375550 1.242957
0.193651 11.162850 1.259577
0.194259 9.949385 1.203658
0.194867 9.304005 1.275795
0.195475 9.268615 1.243433
0.196083 9.579680 1.247026
0.196691 9.194320 1.195697
0.197299 8.632930 1.204022
0.197907 9.011415 1.231981
0.198515 8.634990 1.178349
0.199123 7.936550 1.224502
0.199731 7.349350 1.151170
0.200339 8.730240 1.207879
0.200947 7.961535 1.188484
0.201555 8.595280 1.202089
0.202163 7.516315 1.172953
0.202771 6.984390 1.246763
0.203379 8.118765 1.159014
0.203987 7.836200 1.222448
0.204595 10.937720 1.218564
0.205203 7.324565 1.197186
0.205811 7.117270 1.180731
0.206419 7.945850 1.240022
0.207027 6.265920 1.190047
0.207635 6.536340 1.166068
0.208243 6.827115 1.207431
0.208851 6.218135 1.164920
0.209459 7.107965 1.209772
0.210067 6.273640 1.196055
0.210675 6.696920 1.184112
0.211283 6.844010 1.206499
0.211891 5.725605 1.286843
0.212499 5.419225 1.135819
0.213107 7.172165 1.179926
0.213715 5.764905 1.194417
0.214323 4.913745 1.185574
0.214931 5.330330 1.134494
0.215539 5.551195 1.209889
0.216147 7.351225 1.073120
0.216755 5.281210 1.175990
0.217363 6.833385 1.136580
0.217971 4.370165 1.176018
0.218579 5.388855 1.101298
0.219187 5.214065 1.191675
0.219795 5.774440 1.127046
0.220403 4.991880 1.187827
0.221011 5.366050 1.114685
0.221619 2.729290 1.073622
0.222227 4.988275 1.155038
0.222835 4.606825 1.112985
0.223443 5.075630 1.144068
0.224051 4.938480 1.143311
0.224659 6.367910 1.243141
0.225267 4.588810 1.120171
0.225875 5.280725 1.447816
0.226483 4.476945 1.123515
0.227091 5.393650 1.099712
0.227699 5.135345 1.141999
0.228307 4.792955 1.129305
0.228915 4.946270 1.429493
0.229523 3.905820 1.136937
0.230131 4.476110 1.132500
0.230739 1.924235 1.098962
0.231347 3.158275 1.164203
0.231955 3.530060 1.070686
0.232563 3.837255 1.809932
0.233171 4.377270 1.934707
0.233779 3.722160 4.165015
0.234387 2.823890 4.830866
0.234995 4.829720 1.229341
0.235603 4.228695 1.081515
0.236211 5.442085 1.158974
0.236819 5.088605 1.069972
0.237427 5.545855 1.145542
0.238035 5.089720 1.079688
0.238643 5.545825 1.135248
0.239251 4.542375 1.079076
0.239859 4.344335 1.117598
0.240467 5.429355 1.073729
0.241075 3.491635 1.096747
0.241683 6.455750 1.049209
0.242291 3.837175 1.088517
0.242899 3.908085 1.084724
0.243507 2.552405 1.099978
0.244115 2.476770 1.081981
0.244723 1.112830 1.100751
0.245331 3.700385 1.037397
0.245939 3.290960 1.090041
0.246547 3.372030 1.048586
0.247155 2.594285 1.062677
0.247763 2.580410 1.091945
0.248371 1.364684 1.060290
0.248979 3.817325 1.086493
0.249587 3.381265 1.010169
0.250195 4.326015 1.082450
0.250803 4.105750 1.087594
0.251411 5.524860 1.082366
0.252019 5.922305 1.140224
0.252627 5.178095 1.159036
0.253235 4.259790 1.086480
0.253843 4.862555 1.802468
0.254451 4.804465 1.075227
0.255059 4.568825 2.129952
0.255667 5.399190 1.100579
0.256275 6.576210 1.029385
0.256883 4.247960 1.062172
0.257491 4.444755 1.060135
0.258099 5.655390 1.078345
0.258707 4.752060 1.067047
0.259315 5.415870 1.036167
0.259923 4.379720 1.036277
0.260531 4.811250 1.061159
0.261139 3.672910 1.044524
0.261747 4.216265 1.078377
0.262355 4.862855 1.001869
0.262963 5.452140 1.060738
0.263571 4.461300 1.035519
0.264179 4.610950 1.029310
0.264787 5.432320 1.013093
0.265395 5.458645 1.053526
0.266003 5.868970 1.036091
0.266611 7.388760 1.020452
0.267219 6.345120 1.016435
0.267827 6.089295 1.203046
0.268435 6.338895 0.993602
0.269043 5.746070 1.079484
0.269651 6.175025 1.047449
0.270259 6.939405 1.016811
0.270867 5.784430 0.995360
0.271475 6.851350 1.020364
0.272083 7.045490 1.021298
0.272691 4.982885 0.991749
0.273299 6.637170 1.032222
0.273907 6.640940 0.977040
0.274515 5.706810 0.969867
0.275123 6.611005 0.966627
0.275731 6.360435 0.975953
0.276339 6.233420 0.964964
0.276947 5.626880 1.003735
0.277555 7.504620 1.130554
0.278163 4.785760 0.982648
0.278771 6.545750 1.663821
0.279379 5.086795 0.994422
0.279987 6.168670 0.941840
0.280595 6.803770 0.991553
0.281203 6.297000 0.964211
0.281811 6.799010 0.971223
0.282419 6.191990 0.956231
0.283027 6.179560 0.982812
0.283635 6.032830 0.931547
0.284243 6.078200 0.966729
0.284851 6.598410 0.936775
0.285459 4.163545 0.938278
0.286067 5.492525 0.940162
0.286675 5.643130 0.939587
0.287283 6.275195 0.938306
0.287891 6.375065 0.928458
0.288499 4.932025 0.939755
0.289107 7.175085 0.919649
0.289715 5.926065 0.962336
0.290323 6.588555 0.931906
0.290931 6.147585 0.945374
0.291539 6.216915 0.952881
0.292147 6.504495 0.944818
0.292755 6.294635 0.942361
0.293363 5.119845 0.952542
0.293971 6.377615 0.944674
0.294579 5.051765 0.954539
0.295187 6.390505 0.900810
0.295795 5.806645 0.926109
0.296403 6.682570 0.910194
0.297011 6.409200 0.929299
0.297619 6.306895 0.906180
0.298227 4.298640 0.930725
0.298835 5.812690 0.898801
0.299443 6.710900 0.896733
0.300051 5.087580 0.899054
0.300659 5.437675 0.885600
0.301267 5.127745 0.873018
0.301875 5.677805 0.951046
0.302483 7.314840 0.971339
0.303091 6.231515 0.969054
0.303699 7.107935 1.075757
0.304307 5.257970 1.014697
0.304915 5.701355 1.090365
0.305523 6.143035 1.021261
0.306131 7.645450 1.036259
0.306739 6.513940 1.079286
0.307347 6.302725 1.066523
0.307955 5.185110 1.036206
0.308563 6.253535 1.069576
0.309171 4.260250 1.079313
0.309779 6.084015 1.165620
0.310387 4.645260 1.111341
0.310995 6.094410 1.169362
0.311603 6.773400 1.170829
0.312211 6.705350 1.163597
0.312819 6.063925 1.235413
0.313427 7.883965 1.177332
0.314035 6.267785 1.296824
0.314643 5.059155 1.204607
0.315251 5.519300 1.425968
0.315859 7.030150 1.242260
0.316467 5.566325 1.471277
0.317075 6.957335 1.304941
0.317683 6.972705 1.407965
0.318291 6.789165 1.393762
0.318899 7.946230 1.429114
0.319507 3.555925 1.565358
0.320115 5.690210 1.508405
0.320723 4.595955 1.535273
0.321331 4.448990 1.780473
0.321939 5.349255 1.912244
0.322547 5.430830 1.913349
0.323155 3.591405 2.069799
0.323763 3.101850 2.723924
