8.362000E-003  1.004760E+002  2.323740E+002
8.869000E-003  1.187400E+002  1.249320E+002
9.375000E-003  1.243600E+002  4.076950E+001
9.882000E-003  1.045210E+002  3.007010E+001
1.038900E-002  1.238370E+002  3.036030E+001
1.089600E-002  1.146300E+002  2.458760E+001
1.140200E-002  8.848990E+001  2.130290E+001
1.190900E-002  1.167100E+002  1.777180E+001
1.241600E-002  9.653330E+001  1.540770E+001
1.292300E-002  1.048250E+002  1.140600E+001
1.343000E-002  1.068230E+002  8.889920E+000
1.393600E-002  1.024460E+002  7.804420E+000
1.444300E-002  1.038410E+002  6.241170E+000
1.495000E-002  1.011010E+002  5.947920E+000
1.545700E-002  1.081160E+002  5.030290E+000
1.596300E-002  1.028540E+002  4.665510E+000
1.647000E-002  1.038170E+002  3.812800E+000
1.697700E-002  9.500520E+001  3.625170E+000
1.748400E-002  9.187540E+001  3.702120E+000
1.799000E-002  9.850680E+001  3.076260E+000
1.849700E-002  9.376970E+001  2.604790E+000
1.900400E-002  9.632450E+001  2.648910E+000
1.951100E-002  9.689560E+001  2.246890E+000
2.001800E-002  9.300490E+001  2.250560E+000
2.052400E-002  8.938440E+001  2.238170E+000
2.103100E-002  9.416860E+001  2.067130E+000
2.153800E-002  9.106190E+001  1.917750E+000
2.204500E-002  9.409120E+001  1.671720E+000
2.255100E-002  9.470550E+001  1.750710E+000
2.305800E-002  8.829120E+001  1.541660E+000
2.356500E-002  9.019510E+001  1.539890E+000
2.407200E-002  8.789880E+001  1.495980E+000
2.457900E-002  8.832390E+001  1.428220E+000
2.508500E-002  8.792220E+001  1.311040E+000
2.559200E-002  8.678650E+001  1.356320E+000
2.609900E-002  8.627230E+001  1.181580E+000
2.660600E-002  8.687900E+001  1.209920E+000
2.711200E-002  8.337260E+001  1.191960E+000
2.761900E-002  8.430080E+001  1.069930E+000
2.812600E-002  8.367460E+001  1.106100E+000
2.863300E-002  8.216590E+001  1.067490E+000
2.913900E-002  8.342880E+001  4.240650E+000
2.964600E-002  8.259810E+001  8.908670E-001
3.015300E-002  8.076810E+001  9.781330E-001
3.066000E-002  7.979590E+001  9.632630E-001
3.116700E-002  8.098850E+001  9.157020E-001
3.167300E-002  8.139220E+001  9.409040E-001
3.218000E-002  7.949640E+001  9.398740E-001
3.268700E-002  7.935970E+001  8.919680E-001
3.319400E-002  7.720490E+001  8.490480E-001
3.370000E-002  7.565540E+001  8.382180E-001
3.420700E-002  7.811500E+001  8.810720E-001
3.471400E-002  7.653550E+001  1.452460E+000
3.522100E-002  7.575660E+001  7.971500E-001
3.572700E-002  7.392740E+001  7.758700E-001
3.623400E-002  7.625420E+001  7.921810E-001
3.674100E-002  7.578740E+001  8.174260E-001
3.724800E-002  7.328440E+001  7.414400E-001
3.775500E-002  7.172010E+001  7.693960E-001
3.826100E-002  7.243130E+001  7.909790E-001
3.876800E-002  7.253870E+001  7.517390E-001
3.927500E-002  7.154170E+001  7.551970E-001
3.978200E-002  7.071290E+001  7.456330E-001
4.028800E-002  7.038130E+001  7.094590E-001
4.079500E-002  6.927880E+001  7.396740E-001
4.130200E-002  6.907820E+001  7.255160E-001
4.180900E-002  6.772450E+001  7.204600E-001
4.231500E-002  6.754120E+001  6.728850E-001
4.282200E-002  6.791780E+001  6.919580E-001
4.332900E-002  6.604940E+001  6.706090E-001
4.383600E-002  6.671790E+001  6.856780E-001
4.434300E-002  6.420880E+001  6.461490E-001
4.484900E-002  6.464580E+001  6.303100E-001
4.535600E-002  6.437480E+001  6.742170E-001
4.586300E-002  6.476670E+001  6.408650E-001
4.637000E-002  6.248790E+001  6.397730E-001
4.687600E-002  6.196930E+001  6.188220E-001
4.738300E-002  6.416200E+001  6.376880E-001
4.789000E-002  6.237560E+001  6.147860E-001
4.839700E-002  6.068520E+001  5.875010E-001
4.890300E-002  6.005570E+001  5.866710E-001
4.941000E-002  5.993450E+001  6.187690E-001
4.991700E-002  5.995520E+001  6.165080E-001
5.042400E-002  5.877920E+001  6.036940E-001
5.093100E-002  5.829980E+001  5.842520E-001
5.143700E-002  5.764430E+001  5.995150E-001
5.194400E-002  5.680030E+001  5.868980E-001
5.245100E-002  5.624490E+001  5.598080E-001
5.295800E-002  5.619730E+001  5.839660E-001
5.346400E-002  5.623010E+001  5.962060E-001
5.397100E-002  5.486660E+001  5.698870E-001
5.447800E-002  5.378240E+001  5.731990E-001
5.498500E-002  5.430250E+001  5.633690E-001
5.549100E-002  5.397290E+001  5.461680E-001
5.599800E-002  5.272620E+001  5.484220E-001
5.650500E-002  5.214760E+001  5.345370E-001
5.701200E-002  5.212300E+001  5.219980E-001
5.751900E-002  5.149140E+001  5.205290E-001
5.802500E-002  5.030820E+001  5.322200E-001
5.853200E-002  5.022530E+001  5.113440E-001
5.903900E-002  5.005560E+001  5.217300E-001
5.954600E-002  4.927460E+001  5.014350E-001
6.005200E-002  4.846450E+001  5.259250E-001
6.055900E-002  4.829120E+001  5.110410E-001
6.106600E-002  4.744390E+001  4.948100E-001
6.157300E-002  4.681100E+001  5.055500E-001
6.207900E-002  4.588970E+001  4.744340E-001
6.258600E-002  4.659340E+001  4.911580E-001
6.309300E-002  4.554920E+001  4.867890E-001
6.360000E-002  4.552400E+001  4.749780E-001
6.410600E-002  4.474370E+001  4.931050E-001
6.461300E-002  4.430390E+001  4.658270E-001
6.512000E-002  4.347640E+001  4.945460E-001
6.562700E-002  4.307350E+001  4.539330E-001
6.613400E-002  4.249840E+001  4.699520E-001
6.664000E-002  4.257050E+001  4.785990E-001
6.714700E-002  4.207060E+001  4.724320E-001
6.765400E-002  4.135130E+001  4.461710E-001
6.816100E-002  4.145140E+001  4.703840E-001
6.866700E-002  4.008670E+001  4.493240E-001
6.917400E-002  4.025540E+001  4.513310E-001
6.968100E-002  3.993430E+001  4.397320E-001
7.018800E-002  3.879910E+001  4.530560E-001
7.069400E-002  3.868530E+001  4.514000E-001
7.120100E-002  3.803020E+001  4.523580E-001
7.170800E-002  3.776800E+001  4.336730E-001
7.221500E-002  3.674200E+001  4.546370E-001
7.272100E-002  3.732710E+001  4.403540E-001
7.322800E-002  3.625080E+001  4.360520E-001
7.373500E-002  3.658680E+001  4.378860E-001
7.424200E-002  3.556600E+001  4.342130E-001
7.474800E-002  3.555030E+001  5.665410E-001
7.525500E-002  3.495310E+001  4.203530E-001
7.576200E-002  3.425660E+001  4.289120E-001
7.626900E-002  3.416090E+001  4.444510E-001
7.677600E-002  3.313540E+001  4.145570E-001
7.728200E-002  3.268890E+001  4.147620E-001
7.778900E-002  3.278490E+001  4.258690E-001
7.829600E-002  3.190380E+001  3.968550E-001
7.880300E-002  3.187160E+001  4.034060E-001
7.930900E-002  3.156830E+001  4.194360E-001
7.981600E-002  3.149950E+001  4.166450E-001
8.032300E-002  3.088070E+001  4.108380E-001
8.083000E-002  3.098520E+001  3.939330E-001
8.133600E-002  3.021430E+001  3.929700E-001
8.184300E-002  3.043130E+001  4.020560E-001
8.235000E-002  2.953530E+001  4.060400E-001
8.285700E-002  2.847810E+001  3.835050E-001
8.336300E-002  2.921020E+001  4.095570E-001
8.387000E-002  2.831440E+001  3.987110E-001
8.437700E-002  2.816900E+001  4.068320E-001
8.488400E-002  2.796010E+001  4.018450E-001
8.539000E-002  2.694280E+001  4.026900E-001
8.589700E-002  2.675000E+001  3.858930E-001
8.640400E-002  2.723960E+001  3.960630E-001
8.691100E-002  2.640800E+001  3.768680E-001
8.741700E-002  2.605960E+001  3.737800E-001
8.792400E-002  2.648660E+001  3.945270E-001
8.843100E-002  2.567700E+001  3.783250E-001
8.893800E-002  2.537470E+001  3.889580E-001
8.944400E-002  2.450500E+001  3.707790E-001
8.995100E-002  2.491630E+001  3.740700E-001
9.045800E-002  2.479720E+001  3.744080E-001
9.096500E-002  2.444130E+001  3.656030E-001
9.147100E-002  2.412700E+001  3.558120E-001
9.197800E-002  2.348720E+001  3.528580E-001
9.248500E-002  2.337580E+001  3.641290E-001
9.299200E-002  2.249640E+001  3.741180E-001
9.349800E-002  2.294840E+001  3.575730E-001
9.400500E-002  2.260040E+001  3.541780E-001
9.451200E-002  2.229770E+001  3.612480E-001
9.501900E-002  2.226920E+001  3.685470E-001
9.552500E-002  2.160610E+001  3.641800E-001
9.603200E-002  2.173070E+001  3.614930E-001
9.653900E-002  2.137760E+001  3.699990E-001
9.704600E-002  2.070220E+001  3.587190E-001
9.755200E-002  2.073160E+001  3.535730E-001
9.805900E-002  2.045380E+001  3.464740E-001
9.856600E-002  2.052050E+001  3.515850E-001
9.907300E-002  1.999750E+001  3.491500E-001
9.957900E-002  1.969840E+001  3.524740E-001
1.000860E-001  1.944630E+001  3.371670E-001
1.005930E-001  1.937020E+001  3.527940E-001
1.011000E-001  1.911930E+001  3.413800E-001
1.016060E-001  1.919850E+001  3.318890E-001
1.021130E-001  1.906650E+001  3.353220E-001
1.026200E-001  1.821890E+001  3.334740E-001
1.031270E-001  1.836390E+001  3.427610E-001
1.036330E-001  1.773050E+001  3.380410E-001
1.041400E-001  1.773090E+001  3.453360E-001
1.046470E-001  1.787090E+001  3.453530E-001
1.051540E-001  1.775250E+001  3.411760E-001
1.056600E-001  1.762550E+001  3.317000E-001
1.061670E-001  1.672030E+001  3.286300E-001
1.066740E-001  1.712540E+001  3.330820E-001
1.071810E-001  1.704770E+001  3.310530E-001
1.076870E-001  1.676060E+001  3.252380E-001
1.081940E-001  1.643220E+001  3.300400E-001
1.087010E-001  1.649590E+001  3.382220E-001
1.092080E-001  1.621490E+001  3.288310E-001
1.097140E-001  1.588830E+001  3.249830E-001
1.102210E-001  1.592560E+001  3.287550E-001
1.107280E-001  1.621790E+001  3.292750E-001
1.112350E-001  1.543790E+001  3.167460E-001
1.117410E-001  1.502130E+001  3.216490E-001
1.122480E-001  1.541640E+001  3.238360E-001
1.127550E-001  1.520030E+001  3.183060E-001
1.132620E-001  1.475510E+001  3.183280E-001
1.137680E-001  1.506640E+001  3.119580E-001
1.142750E-001  1.462260E+001  3.311340E-001
1.147820E-001  1.477340E+001  3.136030E-001
1.152890E-001  1.423410E+001  3.129250E-001
1.157950E-001  1.392990E+001  3.063360E-001
1.163020E-001  1.378850E+001  3.136930E-001
1.168090E-001  1.387590E+001  3.102960E-001
1.173160E-001  1.383490E+001  3.090830E-001
1.178220E-001  1.369610E+001  3.256190E-001
1.183290E-001  1.398840E+001  3.135550E-001
1.188360E-001  1.364190E+001  3.204960E-001
1.193420E-001  1.335220E+001  3.147830E-001
1.198490E-001  1.329830E+001  3.170340E-001
1.203560E-001  1.305440E+001  3.339530E-001
1.208630E-001  1.334170E+001  3.255250E-001
1.213690E-001  1.270360E+001  3.211300E-001
1.218760E-001  1.274000E+001  3.276750E-001
1.223830E-001  1.241550E+001  3.340150E-001
1.228900E-001  1.240740E+001  3.874360E-001
1.233960E-001  1.151700E+001  3.232740E-001
1.239030E-001  1.231610E+001  3.265670E-001
1.244100E-001  1.201780E+001  3.454780E-001
1.249170E-001  1.206800E+001  3.438620E-001
1.254230E-001  1.223230E+001  3.377650E-001
1.259300E-001  1.149590E+001  3.289190E-001
1.264370E-001  1.213360E+001  3.386260E-001
1.269440E-001  1.161960E+001  3.365130E-001
1.274500E-001  1.133130E+001  3.279730E-001
1.279570E-001  1.104920E+001  3.258350E-001
1.284640E-001  1.151340E+001  3.267840E-001
1.289700E-001  1.126100E+001  3.264890E-001
1.294770E-001  1.098360E+001  3.182490E-001
1.299840E-001  1.119760E+001  3.184620E-001
1.304910E-001  1.113700E+001  3.266950E-001
1.309970E-001  1.081600E+001  3.188100E-001
1.315040E-001  1.069250E+001  3.182400E-001
1.320110E-001  1.036920E+001  3.065540E-001
1.325180E-001  1.022040E+001  3.082680E-001
1.330240E-001  1.070380E+001  3.111420E-001
1.335310E-001  1.026180E+001  3.142330E-001
1.340380E-001  9.993760E+000  2.962350E-001
1.345450E-001  9.663430E+000  3.049280E-001
1.350510E-001  1.064790E+001  3.041460E-001
1.355580E-001  1.040130E+001  3.001010E-001
1.360650E-001  9.668570E+000  3.038410E-001
1.365710E-001  9.864830E+000  3.048910E-001
1.370780E-001  9.843330E+000  3.058400E-001
1.375850E-001  9.888110E+000  3.063000E-001
1.380920E-001  9.522920E+000  3.056790E-001
1.385980E-001  9.307760E+000  3.055570E-001
1.391050E-001  9.102960E+000  3.006450E-001
1.396120E-001  9.450470E+000  2.914130E-001
1.401190E-001  9.288050E+000  2.974270E-001
1.406250E-001  9.367670E+000  2.949480E-001
1.411320E-001  9.142500E+000  3.096140E-001
1.416390E-001  9.136210E+000  2.879470E-001
1.421450E-001  8.815310E+000  2.876470E-001
1.426520E-001  8.402050E+000  2.823690E-001
1.431590E-001  8.860180E+000  2.938930E-001
1.436660E-001  8.727720E+000  2.854290E-001
1.441720E-001  8.560060E+000  2.808330E-001
1.446790E-001  8.874420E+000  2.837280E-001
1.451860E-001  8.965640E+000  2.861280E-001
1.456920E-001  8.580020E+000  2.740680E-001
1.461990E-001  8.380080E+000  2.785870E-001
1.467060E-001  8.299520E+000  2.811030E-001
1.472130E-001  7.947100E+000  2.804060E-001
1.477190E-001  7.799110E+000  2.837060E-001
1.482260E-001  7.958980E+000  2.810470E-001
1.487330E-001  8.262650E+000  2.850010E-001
1.492400E-001  7.845340E+000  2.804020E-001
1.497460E-001  8.133920E+000  2.817110E-001
1.502530E-001  7.863270E+000  2.795090E-001
1.507600E-001  7.623820E+000  2.806630E-001
1.512660E-001  7.931580E+000  2.770270E-001
1.517730E-001  7.807930E+000  2.805240E-001
1.522800E-001  7.379220E+000  2.812420E-001
1.527870E-001  7.423040E+000  2.753850E-001
1.532930E-001  7.468360E+000  2.838760E-001
1.538000E-001  7.862020E+000  2.721290E-001
1.543070E-001  7.381980E+000  2.686940E-001
1.548130E-001  7.560460E+000  2.704030E-001
1.553200E-001  6.965910E+000  2.752240E-001
1.558270E-001  7.383360E+000  2.755010E-001
1.563340E-001  6.970340E+000  2.735670E-001
1.568400E-001  6.962670E+000  2.749390E-001
1.573470E-001  7.050270E+000  2.715250E-001
1.578540E-001  6.924290E+000  2.728260E-001
1.583600E-001  6.867370E+000  2.710550E-001
1.588670E-001  6.520800E+000  2.695030E-001
1.593740E-001  6.522720E+000  2.683200E-001
1.598810E-001  6.839610E+000  2.677610E-001
1.603870E-001  6.349760E+000  2.719760E-001
1.608940E-001  6.372760E+000  2.675190E-001
1.614010E-001  6.067050E+000  2.646440E-001
1.619070E-001  6.034580E+000  2.659670E-001
1.624140E-001  6.678400E+000  2.631160E-001
1.629210E-001  6.667390E+000  3.003090E+000
1.634270E-001  6.753690E+000  2.660330E-001
1.639340E-001  6.088270E+000  2.630820E-001
1.644410E-001  5.858810E+000  2.613920E-001
1.649480E-001  6.095810E+000  2.588080E-001
1.654540E-001  6.451810E+000  2.538430E-001
1.659610E-001  5.807160E+000  2.592900E-001
1.664680E-001  5.642390E+000  2.609200E-001
1.669740E-001  5.738360E+000  2.645480E-001
1.674810E-001  5.635880E+000  2.587320E-001
1.679880E-001  5.707380E+000  2.564220E-001
1.684950E-001  5.641700E+000  2.569060E-001
1.690010E-001  5.702250E+000  2.545590E-001
1.695080E-001  5.434780E+000  2.581720E-001
1.700150E-001  5.458600E+000  2.513210E-001
1.705210E-001  5.352810E+000  2.560720E-001
1.710280E-001  5.049590E+000  2.497980E-001
1.715350E-001  5.324400E+000  2.487450E-001
1.720410E-001  5.235920E+000  2.589080E-001
1.725480E-001  5.222990E+000  2.531750E-001
1.730550E-001  5.432480E+000  2.531420E-001
1.735620E-001  5.036490E+000  2.523860E-001
1.740680E-001  5.276440E+000  2.559080E-001
1.745750E-001  4.722400E+000  2.526110E-001
1.750820E-001  5.161100E+000  2.599280E-001
1.755880E-001  4.740360E+000  2.451280E-001
1.760950E-001  4.879570E+000  2.549470E-001
1.766020E-001  4.690120E+000  2.531010E-001
1.771080E-001  4.584630E+000  2.461080E-001
1.776150E-001  4.596920E+000  2.460100E-001
1.781220E-001  4.556970E+000  2.501080E-001
1.786290E-001  4.620450E+000  2.445630E-001
1.791350E-001  4.785930E+000  2.520190E-001
1.796420E-001  4.421050E+000  2.471300E-001
1.801490E-001  4.470000E+000  2.491600E-001
1.806550E-001  4.628660E+000  2.462650E-001
1.811620E-001  4.464380E+000  2.472320E-001
1.816690E-001  4.359320E+000  2.458520E-001
1.821750E-001  4.306050E+000  2.447310E-001
1.826820E-001  4.223080E+000  1.565350E+000
1.831890E-001  4.254380E+000  2.479720E-001
1.836950E-001  3.965120E+000  2.477250E-001
1.842020E-001  4.343730E+000  2.520970E-001
1.847090E-001  4.236990E+000  2.373840E-001
1.852160E-001  4.083760E+000  2.355760E-001
1.857220E-001  4.128420E+000  2.409690E-001
1.862290E-001  3.939770E+000  2.408860E-001
1.867360E-001  4.000750E+000  2.384660E-001
1.872420E-001  3.806690E+000  2.389450E-001
1.877490E-001  3.984630E+000  2.383960E-001
1.882560E-001  3.903080E+000  2.397260E-001
1.887620E-001  3.658670E+000  2.410550E-001
1.892690E-001  3.401140E+000  2.404100E-001
1.897760E-001  3.709380E+000  2.378770E-001
1.902820E-001  3.488990E+000  2.375820E-001
1.907890E-001  3.730880E+000  2.403210E-001
1.912960E-001  3.879050E+000  2.372760E-001
1.918020E-001  3.619130E+000  2.394610E-001
1.923090E-001  3.384570E+000  2.339810E-001
1.928160E-001  3.170070E+000  2.369380E-001
1.933230E-001  3.376840E+000  2.378210E-001
1.938290E-001  3.227730E+000  2.335940E-001
1.943360E-001  3.350880E+000  2.343650E-001
1.948430E-001  3.131830E+000  2.378030E-001
1.953490E-001  2.933660E+000  2.353320E-001
1.958560E-001  3.359190E+000  2.328050E-001
1.963630E-001  3.311730E+000  2.316970E-001
1.968690E-001  3.132630E+000  2.306980E-001
1.973760E-001  2.991940E+000  2.365380E-001
1.978830E-001  3.191270E+000  2.314350E-001
1.983890E-001  3.041640E+000  2.331850E-001
1.988960E-001  2.591910E+000  2.310120E-001
1.994030E-001  3.116960E+000  2.304960E-001
1.999090E-001  2.824430E+000  2.297760E-001
2.004160E-001  2.704160E+000  2.257950E-001
2.009230E-001  2.799380E+000  2.310670E-001
2.014290E-001  2.839510E+000  2.310730E-001
2.019360E-001  2.644190E+000  2.244090E-001
2.024430E-001  2.696550E+000  2.310340E-001
2.029490E-001  2.681900E+000  2.272130E-001
2.034560E-001  2.679030E+000  2.274710E-001
2.039630E-001  2.496460E+000  2.256070E-001
2.044690E-001  2.666200E+000  2.276430E-001
2.049760E-001  2.652530E+000  2.283200E-001
2.054830E-001  2.597830E+000  2.281790E-001
2.059890E-001  2.583120E+000  2.267950E-001
2.064960E-001  2.510770E+000  2.269650E-001
2.070030E-001  2.256870E+000  2.261180E-001
2.075090E-001  2.241640E+000  2.251370E-001
2.080160E-001  2.635820E+000  2.422690E-001
2.085230E-001  2.307980E+000  2.258320E-001
2.090290E-001  2.563370E+000  2.237100E-001
2.095360E-001  2.410060E+000  2.195910E-001
2.100430E-001  2.228650E+000  2.227650E-001
2.105490E-001  2.380260E+000  2.242700E-001
2.110560E-001  2.461650E+000  2.263320E-001
2.115630E-001  2.283890E+000  2.202230E-001
2.120690E-001  2.299270E+000  2.234290E-001
2.125760E-001  2.275780E+000  2.198570E-001
2.130830E-001  2.243340E+000  2.254420E-001
2.135890E-001  1.976320E+000  2.217440E-001
2.140960E-001  1.997250E+000  2.207020E-001
2.146030E-001  2.032820E+000  2.245210E-001
2.151090E-001  1.841020E+000  2.268590E-001
2.156160E-001  1.934550E+000  2.223430E-001
2.161230E-001  2.213720E+000  2.195160E-001
2.166290E-001  1.950090E+000  2.212050E-001
2.171360E-001  1.955920E+000  2.268650E-001
2.176430E-001  2.013280E+000  2.190700E-001
2.181490E-001  1.905100E+000  2.167680E-001
2.186560E-001  1.735270E+000  2.191760E-001
2.191630E-001  2.049140E+000  2.342940E-001
2.196690E-001  1.873090E+000  2.250790E-001
2.201760E-001  1.955940E+000  2.181720E-001
2.206830E-001  2.078180E+000  2.183360E-001
2.211890E-001  1.789300E+000  2.218670E-001
2.216960E-001  1.787710E+000  2.198020E-001
2.222030E-001  1.792490E+000  2.215340E-001
2.227090E-001  1.859370E+000  2.144190E-001
2.232160E-001  1.966170E+000  2.161840E-001
2.237220E-001  1.877850E+000  2.130390E-001
2.242290E-001  1.741150E+000  2.168470E-001
2.247360E-001  1.889790E+000  2.181710E-001
2.252420E-001  1.450550E+000  2.138170E-001
2.257490E-001  1.524920E+000  2.306980E-001
2.262560E-001  1.704480E+000  2.147330E-001
2.267620E-001  1.637580E+000  2.171400E-001
2.272690E-001  1.502040E+000  2.156910E-001
2.277760E-001  1.630390E+000  2.157840E-001
2.282820E-001  1.651090E+000  2.115710E-001
2.287890E-001  1.837990E+000  2.263090E-001
2.292960E-001  1.082680E+000  2.133270E-001
2.298020E-001  1.768970E+000  2.104300E-001
2.303090E-001  1.524890E+000  2.153240E-001
2.308160E-001  1.541370E+000  2.107820E-001
2.313220E-001  1.810290E+000  2.080560E-001
2.318290E-001  1.524650E+000  2.158150E-001
2.323350E-001  1.671850E+000  2.134080E-001
2.328420E-001  1.916210E+000  2.082560E-001
2.333490E-001  1.820890E+000  2.121610E-001
2.338550E-001  1.527940E+000  2.059470E-001
2.343620E-001  1.632690E+000  2.125790E-001
2.348690E-001  1.400360E+000  2.096650E-001
2.353750E-001  1.536400E+000  2.110950E-001
2.358820E-001  1.748250E+000  2.115420E-001
2.363890E-001  1.605230E+000  2.076800E-001
2.368950E-001  1.294230E+000  2.103540E-001
2.374020E-001  1.704990E+000  2.076890E-001
2.379080E-001  1.420130E+000  2.089410E-001
2.384150E-001  1.683350E+000  2.072640E-001
2.389220E-001  1.280330E+000  2.131570E-001
2.394280E-001  1.324560E+000  2.116780E-001
2.399350E-001  1.502450E+000  2.088330E-001
2.404420E-001  1.444650E+000  2.060990E-001
2.409480E-001  1.609920E+000  2.127160E-001
2.414550E-001  1.653830E+000  2.085270E-001
2.419620E-001  1.523380E+000  2.150510E-001
2.424680E-001  1.625570E+000  2.157160E-001
2.429750E-001  1.605370E+000  2.170120E-001
2.434810E-001  1.668570E+000  2.165800E-001
2.439880E-001  1.705770E+000  2.184770E-001
2.444950E-001  1.468350E+000  2.186500E-001
2.450010E-001  1.186650E+000  2.849070E+000
2.455080E-001  1.735940E+000  2.198260E-001
2.460150E-001  1.613400E+000  2.131980E-001
2.465210E-001  1.137290E+000  2.239770E-001
2.470280E-001  1.393260E+000  2.185600E-001
2.475340E-001  1.711240E+000  2.208160E-001
2.480410E-001  1.341910E+000  2.195800E-001
2.485480E-001  1.453710E+000  2.209170E-001
2.490540E-001  1.593600E+000  2.238230E-001
2.495610E-001  1.354670E+000  2.235540E-001
2.500680E-001  1.359290E+000  2.236820E-001
2.505740E-001  1.458960E+000  2.265920E-001
2.510810E-001  1.318220E+000  2.306630E-001
2.515870E-001  1.440580E+000  2.261950E-001
2.520940E-001  1.314750E+000  2.256330E-001
2.526010E-001  1.286930E+000  2.233360E-001
2.531070E-001  1.678870E+000  2.265460E-001
2.536140E-001  1.280400E+000  2.221740E-001
2.541200E-001  1.413680E+000  7.283610E-001
2.546270E-001  1.461670E+000  2.249250E-001
2.551340E-001  1.376270E+000  2.269160E-001
2.556400E-001  1.582710E+000  2.231260E-001
2.561470E-001  1.570050E+000  2.268050E-001
2.566540E-001  1.360870E+000  2.197700E-001
2.571600E-001  1.488880E+000  2.253720E-001
2.576670E-001  1.193720E+000  2.295580E-001
2.581730E-001  1.244850E+000  2.244090E-001
2.586800E-001  1.538200E+000  2.262440E-001
2.591870E-001  1.541850E+000  2.226510E-001
2.596930E-001  1.201520E+000  2.226880E-001
2.602000E-001  1.402540E+000  2.259430E-001
2.607060E-001  1.320330E+000  2.211880E-001
2.612130E-001  1.268510E+000  2.263880E-001
2.617200E-001  1.506720E+000  2.279660E-001
2.622260E-001  1.502990E+000  2.278540E-001
2.627330E-001  1.510940E+000  2.300700E-001
2.632390E-001  1.614160E+000  2.295190E-001
2.637460E-001  1.455030E+000  2.291890E-001
2.642530E-001  1.253930E+000  2.295940E-001
2.647590E-001  1.617230E+000  2.287110E-001
2.652660E-001  1.311920E+000  2.285560E-001
2.657720E-001  1.450390E+000  2.310790E-001
2.662790E-001  1.474820E+000  2.296940E-001
2.667860E-001  1.501260E+000  2.278280E-001
2.672920E-001  1.755700E+000  2.450430E-001
2.677990E-001  1.055300E+000  2.306910E-001
2.683050E-001  1.467130E+000  2.307040E-001
2.688120E-001  1.457980E+000  2.306660E-001
2.693190E-001  1.287130E+000  2.281180E-001
2.698250E-001  1.509210E+000  2.287140E-001
2.703320E-001  1.472160E+000  2.319180E-001
2.708380E-001  1.455870E+000  2.302990E-001
2.713450E-001  1.325860E+000  2.307640E-001
2.718520E-001  1.102860E+000  2.311360E-001
2.723580E-001  1.200480E+000  2.743580E-001
2.728650E-001  1.357950E+000  2.361820E-001
2.733710E-001  1.245960E+000  2.351860E-001
2.738780E-001  1.489910E+000  2.287710E-001
2.743850E-001  1.241240E+000  2.339970E-001
2.748910E-001  1.478560E+000  2.347010E-001
2.753980E-001  1.456160E+000  5.308320E+000
2.759040E-001  1.443150E+000  2.323750E-001
2.764110E-001  1.371820E+000  2.353380E-001
2.769170E-001  1.324690E+000  2.390440E-001
2.774240E-001  1.467540E+000  2.318690E-001
2.779310E-001  1.452830E+000  2.315740E-001
2.784370E-001  1.431420E+000  2.318250E-001
2.789440E-001  1.406890E+000  2.346920E-001
2.794500E-001  1.332400E+000  2.418130E-001
2.799570E-001  1.217320E+000  8.111700E-001
2.804640E-001  1.256930E+000  2.378680E-001
2.809700E-001  1.643590E+000  2.530310E-001
2.814770E-001  1.326640E+000  2.348080E-001
2.819830E-001  1.355520E+000  2.420590E-001
2.824900E-001  1.221530E+000  2.384420E-001
2.829960E-001  1.497480E+000  2.377490E-001
2.835030E-001  1.254790E+000  2.407360E-001
2.840100E-001  1.152730E+000  2.431710E-001
2.845160E-001  1.292740E+000  2.407440E-001
2.850230E-001  1.365230E+000  2.373620E-001
2.855290E-001  1.432650E+000  2.418400E-001
2.860360E-001  1.388000E+000  2.353780E-001
2.865420E-001  1.130210E+000  2.405650E-001
2.870490E-001  1.669150E+000  4.521890E-001
2.875560E-001  1.185800E+000  2.467430E-001
2.880620E-001  1.293050E+000  2.379960E-001
2.885690E-001  1.084390E+000  2.414960E-001
2.890750E-001  1.316830E+000  2.476450E-001
2.895820E-001  1.445680E+000  2.487360E-001
2.900880E-001  1.443860E+000  2.447060E-001
2.905950E-001  1.411530E+000  2.508040E-001
2.911020E-001  1.271060E+000  2.559090E-001
2.916080E-001  1.217380E+000  2.498910E-001
2.921150E-001  1.592000E+000  2.402580E-001
2.926210E-001  1.196110E+000  2.481830E-001
2.931280E-001  1.419400E+000  2.427520E-001
2.936340E-001  1.191970E+000  2.462900E-001
2.941410E-001  1.139930E+000  2.398870E-001
2.946470E-001  1.068440E+000  2.507240E-001
2.951540E-001  1.468410E+000  2.423560E-001
2.956610E-001  1.301450E+000  2.435440E-001
2.961670E-001  1.253770E+000  2.443780E-001
2.966740E-001  1.348320E+000  2.481680E-001
2.971800E-001  1.026130E+000  2.397480E-001
2.976870E-001  1.268720E+000  2.403110E-001
2.981930E-001  1.348310E+000  2.407860E-001
2.987000E-001  1.070080E+000  2.479470E-001
2.992070E-001  1.223410E+000  2.414110E-001
2.997130E-001  1.380860E+000  2.433480E-001
3.002200E-001  1.519620E+000  2.430230E-001
3.007260E-001  1.199480E+000  2.396710E-001
3.012330E-001  1.206090E+000  2.437930E-001
3.017390E-001  1.358500E+000  2.436760E-001
3.022460E-001  1.431930E+000  2.442890E-001
3.027520E-001  1.531390E+000  2.476490E-001
3.032590E-001  1.147750E+000  2.436920E-001
3.037650E-001  1.385030E+000  2.460380E-001
3.042720E-001  1.370690E+000  2.505350E-001
3.047790E-001  1.150000E+000  2.508410E-001
3.052850E-001  1.457120E+000  2.458040E-001
3.057920E-001  1.176160E+000  2.415110E-001
3.062980E-001  1.405370E+000  2.397350E-001
3.068050E-001  1.227470E+000  2.454570E-001
3.073110E-001  1.228090E+000  2.445220E-001
3.078180E-001  1.727190E+000  2.431060E-001
3.083240E-001  1.346530E+000  2.412290E-001
3.088310E-001  1.378590E+000  2.363100E-001
3.093370E-001  1.449030E+000  2.421410E-001
3.098440E-001  1.332310E+000  2.438700E-001
3.103500E-001  9.114860E-001  2.472750E-001
3.108570E-001  1.628950E+000  2.429920E-001
3.113640E-001  1.193970E+000  3.827480E+000
3.118700E-001  1.451940E+000  2.396100E-001
3.123770E-001  1.476920E+000  2.393000E-001
3.128830E-001  1.631710E+000  2.355190E-001
3.133900E-001  1.227080E+000  2.408350E-001
3.138960E-001  1.239410E+000  2.417620E-001
3.144030E-001  1.539330E+000  2.356500E-001
3.149090E-001  1.395470E+000  2.419680E-001
3.154160E-001  1.333430E+000  2.354200E-001
3.159220E-001  1.467460E+000  1.746720E+000
3.164290E-001  1.363210E+000  2.420100E-001
3.169350E-001  1.227290E+000  2.426450E-001
3.174420E-001  1.191310E+000  2.410660E-001
3.179480E-001  1.266060E+000  2.381810E-001
3.184550E-001  1.438850E+000  3.597380E+000
3.189610E-001  1.318000E+000  2.473880E-001
3.194680E-001  1.384210E+000  2.455570E-001
3.199750E-001  1.237280E+000  2.475640E-001
3.204810E-001  1.256320E+000  2.392950E-001
3.209880E-001  1.076730E+000  2.374480E-001
3.214940E-001  1.148030E+000  2.439860E-001
3.220010E-001  1.363440E+000  2.467790E-001
3.225070E-001  1.707150E+000  2.434260E-001
3.230140E-001  1.495480E+000  2.433460E-001
3.235200E-001  1.099700E+000  2.436850E-001
3.240270E-001  1.263080E+000  2.481790E-001
3.245330E-001  1.166820E+000  2.435780E-001
3.250400E-001  1.196710E+000  2.377780E-001
3.255460E-001  1.087610E+000  2.341910E-001
3.260530E-001  1.112690E+000  2.405750E-001
3.265590E-001  1.007800E+000  2.485570E-001
3.270660E-001  1.347040E+000  2.388270E-001
3.275720E-001  1.296630E+000  2.343220E-001
3.280790E-001  1.307070E+000  2.459360E-001
3.285850E-001  1.311310E+000  2.488790E-001
3.290920E-001  1.449670E+000  2.461630E-001
3.295980E-001  1.608250E+000  2.439080E-001
3.301050E-001  1.044470E+000  2.455440E-001
3.306110E-001  1.448640E+000  2.428380E-001
3.311180E-001  1.135960E+000  2.425010E-001
3.316240E-001  1.380630E+000  2.392960E-001
3.321310E-001  1.448980E+000  2.447610E-001
3.326370E-001  1.211590E+000  2.425560E-001
3.331440E-001  1.121070E+000  2.364210E-001
3.336500E-001  1.102040E+000  2.458680E-001
3.341570E-001  1.652850E+000  2.439990E-001
3.346630E-001  1.276580E+000  2.465150E-001
3.351700E-001  1.435420E+000  2.392960E-001
3.356760E-001  1.380540E+000  2.428870E-001
3.361830E-001  1.243280E+000  2.434800E-001
3.366890E-001  1.578900E+000  2.434340E-001
3.371960E-001  1.356760E+000  2.487460E-001
3.377020E-001  1.141410E+000  2.479800E-001
3.382090E-001  1.293710E+000  2.419100E-001
3.387150E-001  1.138950E+000  2.463200E-001
3.392220E-001  1.257100E+000  2.467930E-001
3.397280E-001  1.040980E+000  2.426510E-001
3.402350E-001  1.010560E+000  2.472130E-001
3.407410E-001  1.179360E+000  5.656600E+000
3.412480E-001  1.276690E+000  2.480490E-001
3.417540E-001  1.201540E+000  2.485660E-001
3.422610E-001  1.165270E+000  2.502300E-001
3.427670E-001  1.027430E+000  2.438390E-001
3.432740E-001  1.221210E+000  2.480910E-001
3.437800E-001  1.364010E+000  2.486760E-001
3.442870E-001  1.561760E+000  2.481420E-001
3.447930E-001  1.371350E+000  2.493750E-001
3.453000E-001  1.210980E+000  2.485520E-001
3.458060E-001  1.262670E+000  2.504110E-001
3.463130E-001  1.152920E+000  2.545040E-001
3.468190E-001  1.001200E+000  2.512590E-001
3.473250E-001  1.225480E+000  2.543730E-001
3.478320E-001  1.148630E+000  2.527860E-001
3.483380E-001  1.005390E+000  2.491970E-001
3.488450E-001  1.273100E+000  2.889460E-001
3.493510E-001  1.366240E+000  2.547220E-001
3.498580E-001  1.249000E+000  2.542270E-001
3.503640E-001  1.128160E+000  2.559250E-001
3.508710E-001  1.236150E+000  2.574640E-001
3.513770E-001  1.056410E+000  2.729660E-001
3.518840E-001  1.207730E+000  2.540640E-001
3.523900E-001  1.111320E+000  2.591790E-001
3.528970E-001  9.494460E-001  2.587370E-001
3.534030E-001  1.120420E+000  2.567880E-001
3.539100E-001  1.611650E+000  2.625850E-001
3.544160E-001  1.309890E+000  2.569230E-001
3.549230E-001  9.624390E-001  2.583600E-001
3.554290E-001  1.489730E+000  2.629420E-001
3.559350E-001  1.428330E+000  2.556280E-001
3.564420E-001  1.306920E+000  2.654340E-001
3.569480E-001  1.208510E+000  2.671990E-001
3.574550E-001  1.228920E+000  2.647510E-001
3.579610E-001  1.258230E+000  2.752400E-001
3.584680E-001  9.863880E-001  3.229600E-001
3.589740E-001  1.235120E+000  2.954190E-001
3.594810E-001  1.404270E+000  2.684000E-001
3.599870E-001  1.594380E+000  8.832890E-001
3.604940E-001  1.290730E+000  2.718040E-001
3.610000E-001  1.242270E+000  2.689690E-001
3.615060E-001  1.154230E+000  2.729180E-001
3.620130E-001  1.257410E+000  2.926740E-001
3.625190E-001  1.212560E+000  2.771950E-001
3.630260E-001  1.205630E+000  2.750880E-001
3.635320E-001  1.376120E+000  2.755420E-001
3.640390E-001  1.184070E+000  2.786890E-001
3.645450E-001  1.062930E+000  3.697250E-001
3.650520E-001  1.214290E+000  2.891760E-001
3.655580E-001  1.110770E+000  2.907830E-001
3.660640E-001  1.413640E+000  3.151350E-001
3.665710E-001  1.096930E+000  3.445510E-001
3.670770E-001  1.101720E+000  2.993620E-001
3.675840E-001  9.306960E-001  2.976700E-001
3.680900E-001  9.664000E-001  3.317900E-001
3.685970E-001  1.139290E+000  3.208710E-001
3.691030E-001  1.040740E+000  3.205480E-001
3.696100E-001  1.187090E+000  3.186530E-001
3.701160E-001  1.322910E+000  3.285590E-001
3.706220E-001  1.211160E+000  3.295760E-001
3.711290E-001  1.372420E+000  3.237370E-001
3.716350E-001  1.275080E+000  3.330670E-001
3.721420E-001  1.067210E+000  3.441650E-001
3.726480E-001  1.261920E+000  3.529200E-001
3.731550E-001  1.098920E+000  3.414590E-001
3.736610E-001  1.223050E+000  3.436890E-001
3.741670E-001  1.413290E+000  3.489140E-001
3.746740E-001  1.258000E+000  3.397680E-001
3.751800E-001  7.642880E-001  3.433910E-001
3.756870E-001  1.119170E+000  3.425640E-001
3.761930E-001  1.282970E+000  3.360870E-001
3.767000E-001  1.206890E+000  4.580380E-001
3.772060E-001  1.341320E+000  3.580420E-001
3.777120E-001  1.597020E+000  3.519120E-001
3.782190E-001  1.031190E+000  3.610910E-001
3.787250E-001  1.483850E+000  3.533200E-001
3.792320E-001  1.324090E+000  3.633160E-001
3.797380E-001  1.210760E+000  3.608090E-001
3.802450E-001  1.143870E+000  3.554380E-001
3.807510E-001  1.199490E+000  3.633500E-001
3.812570E-001  7.061970E-001  3.596310E-001
3.817640E-001  1.276670E+000  3.590290E-001
3.822700E-001  1.263220E+000  3.597030E-001
3.827770E-001  8.117710E-001  3.602730E-001
3.832830E-001  1.205370E+000  3.517400E-001
3.837890E-001  1.157480E+000  4.068310E-001
3.842960E-001  1.456400E+000  3.558650E-001
3.848020E-001  1.279700E+000  3.482710E-001
3.853090E-001  1.341470E+000  3.610450E-001
3.858150E-001  1.032120E+000  3.647000E-001
3.863210E-001  1.018440E+000  3.583680E-001
3.868280E-001  1.330650E+000  3.555000E-001
3.873340E-001  1.040190E+000  3.595430E-001
3.878410E-001  9.556250E-001  3.617430E-001
3.883470E-001  1.654500E+000  3.422470E-001
3.888530E-001  1.220120E+000  3.601510E-001
3.893600E-001  1.012900E+000  3.512760E-001
3.898660E-001  9.358890E-001  3.514910E-001
3.903730E-001  1.087130E+000  3.598600E-001
3.908790E-001  1.216890E+000  3.501140E-001
3.913850E-001  1.031070E+000  3.454580E-001
3.918920E-001  1.196780E+000  3.373400E-001
3.923980E-001  1.044300E+000  3.406050E-001
3.929050E-001  1.473860E+000  3.410180E-001
3.934110E-001  1.110500E+000  3.422350E-001
3.939170E-001  9.861690E-001  3.454330E-001
3.944240E-001  9.939350E-001  3.436330E-001
3.949300E-001  9.882940E-001  3.354730E-001
3.954370E-001  1.290840E+000  3.285760E-001
3.959430E-001  1.273790E+000  3.393320E-001
3.964490E-001  1.238850E+000  4.358220E-001
3.969560E-001  1.147280E+000  3.253280E-001
3.974620E-001  1.224570E+000  3.210640E-001
3.979690E-001  1.295380E+000  3.248200E-001
3.984750E-001  1.271170E+000  3.408520E-001
3.989810E-001  1.126820E+000  3.266320E-001
3.994880E-001  1.454940E+000  3.287420E-001
3.999940E-001  1.467380E+000  3.288250E-001
4.005000E-001  1.585250E+000  3.184180E-001
4.010070E-001  1.308150E+000  3.235260E-001
4.015130E-001  9.352290E-001  3.174060E-001
4.020200E-001  1.139410E+000  3.219690E-001
4.025260E-001  9.370320E-001  3.299370E-001
4.030320E-001  1.074150E+000  3.186710E-001
4.035390E-001  9.400060E-001  3.294870E-001
4.040450E-001  7.887110E-001  3.189990E-001
4.045510E-001  9.620930E-001  3.201780E-001
4.050580E-001  1.406570E+000  3.078170E-001
4.055640E-001  9.846300E-001  3.161260E-001
4.060710E-001  1.156110E+000  3.090910E-001
4.065770E-001  1.075840E+000  3.258590E-001
4.070830E-001  1.179300E+000  3.106550E-001
4.075900E-001  7.925350E-001  3.203070E-001
4.080960E-001  1.000280E+000  3.121340E-001
4.086020E-001  1.208260E+000  3.152130E-001
4.091090E-001  1.156130E+000  3.141580E-001
4.096150E-001  9.554360E-001  3.145560E-001
4.101210E-001  1.050920E+000  3.192830E-001
4.106280E-001  1.473650E+000  3.097500E-001
4.111340E-001  1.011680E+000  3.007810E-001
4.116410E-001  1.029060E+000  3.096480E-001
4.121470E-001  1.001200E+000  3.097470E-001
4.126530E-001  1.289010E+000  3.151210E-001
4.131600E-001  9.730630E-001  3.220860E-001
4.136660E-001  1.208200E+000  3.083960E-001
4.141720E-001  1.186320E+000  3.118530E-001
4.146790E-001  1.063370E+000  3.141530E-001
4.151850E-001  1.150320E+000  3.213080E-001
4.156910E-001  1.008310E+000  3.125660E-001
4.161980E-001  1.041090E+000  3.097150E-001
4.167040E-001  9.994390E-001  3.177170E-001
4.172100E-001  1.236210E+000  3.073690E-001
4.177170E-001  8.801550E-001  3.176240E-001
4.182230E-001  1.055240E+000  3.055630E-001
4.187290E-001  1.160270E+000  3.217660E-001
4.192360E-001  1.326350E+000  3.661010E-001
4.197420E-001  1.511090E+000  3.127020E-001
4.202480E-001  1.136810E+000  3.171630E-001
4.207550E-001  9.401610E-001  3.266480E-001
4.212610E-001  1.306150E+000  3.199490E-001
4.217670E-001  1.019180E+000  3.264250E-001
4.222740E-001  9.972160E-001  3.091990E-001
4.227800E-001  1.078210E+000  3.232800E-001
4.232860E-001  1.269430E+000  3.681190E-001
4.237930E-001  9.613510E-001  3.215290E-001
4.242990E-001  1.056920E+000  3.165990E-001
4.248050E-001  1.330920E+000  3.288130E-001
4.253120E-001  6.540910E-001  3.209930E-001
4.258180E-001  8.906530E-001  3.278240E-001
4.263240E-001  5.375080E-001  1.189770E+000
4.268310E-001  1.134630E+000  3.247370E-001
4.273370E-001  6.241110E-001  3.229570E-001
4.278430E-001  1.044780E+000  3.142580E-001
4.283500E-001  1.333840E+000  3.211950E-001
4.288560E-001  1.097330E+000  3.329570E-001
4.293620E-001  1.387160E+000  3.263790E-001
4.298690E-001  8.181210E-001  3.242410E-001
4.303750E-001  9.906870E-001  3.257510E-001
4.308810E-001  6.949490E-001  3.148450E-001
4.313880E-001  1.572720E+000  3.199850E-001
4.318940E-001  7.857360E-001  3.217980E-001
4.324000E-001  1.051720E+000  3.311400E-001
4.329070E-001  1.145920E+000  3.289610E-001
4.334130E-001  7.908500E-001  3.270760E-001
4.339190E-001  1.259970E+000  3.353480E-001
4.344250E-001  1.107080E+000  3.356130E-001
4.349320E-001  1.207480E+000  3.301000E-001
4.354380E-001  1.010340E+000  3.457740E-001
4.359440E-001  1.499020E+000  3.312280E-001
4.364510E-001  9.538880E-001  3.424360E-001
4.369570E-001  6.550670E-001  3.325160E-001
4.374630E-001  9.034770E-001  3.342560E-001
4.379700E-001  1.130360E+000  3.347890E-001
4.384760E-001  1.240140E+000  3.394300E-001
4.389820E-001  1.153930E+000  6.194390E+000
4.394890E-001  8.674900E-001  3.300730E-001
4.399950E-001  1.288370E+000  3.382140E-001
4.405010E-001  6.438980E-001  3.399940E-001
4.410070E-001  1.234950E+000  3.241970E-001
4.415140E-001  1.316370E+000  3.405220E-001
4.420200E-001  1.035940E+000  3.404390E-001
4.425260E-001  1.222070E+000  4.553770E-001
4.430330E-001  6.568690E-001  3.632790E-001
4.435390E-001  8.029810E-001  3.339620E-001
4.440450E-001  9.595890E-001  3.433720E-001
4.445510E-001  1.152660E+000  3.384200E-001
4.450580E-001  1.121130E+000  3.408970E-001
4.455640E-001  1.157220E+000  3.451880E-001
4.460700E-001  1.675220E+000  3.358290E-001
4.465770E-001  7.059900E-001  3.477650E-001
4.470830E-001  1.018890E+000  3.397460E-001
4.475890E-001  1.537760E+000  3.515990E-001
4.480950E-001  9.863250E-001  3.384770E-001
4.486020E-001  7.409480E-001  3.465540E-001
4.491080E-001  1.135100E+000  3.442690E-001
4.496140E-001  8.428890E-001  3.427660E-001
4.501210E-001  7.558890E-001  3.658100E-001
4.506270E-001  1.078220E+000  3.446640E-001
4.511330E-001  1.046880E+000  1.051830E+000
4.516390E-001  1.343250E+000  3.520540E-001
4.521460E-001  9.385450E-001  3.507440E-001
4.526520E-001  8.884350E-001  3.551190E-001
4.531580E-001  5.842760E-001  3.606100E-001
4.536640E-001  8.491020E-001  3.590060E-001
4.541710E-001  7.197490E-001  3.490230E-001
4.546770E-001  1.242040E+000  3.559360E-001
4.551830E-001  9.235140E-001  3.629760E-001
4.556890E-001  1.061310E+000  3.499730E-001
4.561960E-001  6.787750E-001  3.593430E-001
4.567020E-001  9.292530E-001  3.518200E-001
4.572080E-001  1.398270E+000  3.617280E-001
4.577140E-001  1.358310E+000  3.558440E-001
4.582210E-001  9.138770E-001  3.398190E-001
4.587270E-001  8.133770E-001  3.655680E-001
4.592330E-001  1.010410E+000  3.647070E-001
4.597400E-001  1.226230E+000  3.606880E-001
4.602460E-001  9.442710E-001  3.424090E-001
4.607520E-001  1.032290E+000  3.616230E-001
4.612580E-001  1.099160E+000  3.627580E-001
4.617650E-001  1.205940E+000  3.608450E-001
4.622710E-001  8.510010E-001  3.424080E-001
4.627770E-001  1.126390E+000  3.688670E-001
4.632830E-001  9.814980E-001  3.537980E-001
4.637890E-001  8.822000E-001  3.580910E-001
4.642960E-001  7.793210E-001  3.558290E-001
4.648020E-001  1.401680E+000  3.765950E-001
4.653080E-001  6.530310E-001  3.745880E-001
4.658140E-001  7.360820E-001  3.823470E-001
4.663210E-001  8.438670E-001  3.715180E-001
4.668270E-001  1.126880E+000  3.891060E-001
4.673330E-001  1.173590E+000  3.735730E-001
4.678390E-001  6.883100E-001  3.819090E-001
4.683460E-001  6.794360E-001  3.783770E-001
4.688520E-001  7.993040E-001  3.732260E-001
4.693580E-001  6.045050E-001  3.741100E-001
4.698640E-001  9.945210E-001  3.755810E-001
4.703710E-001  1.467040E+000  3.774070E-001
4.708770E-001  9.799650E-001  3.752810E-001
4.713830E-001  1.012850E+000  3.798210E-001
4.718890E-001  1.072580E+000  3.819010E-001
4.723950E-001  1.009190E+000  3.867450E-001
4.729020E-001  7.196100E-001  3.754960E-001
4.734080E-001  9.743900E-001  4.008530E-001
4.739140E-001  8.366350E-001  3.940280E-001
4.744200E-001  1.098550E+000  4.025270E-001
4.749270E-001  1.075940E+000  3.940940E-001
4.754330E-001  1.277760E+000  4.076010E-001
4.759390E-001  9.294280E-001  4.059920E-001
4.764450E-001  1.368700E+000  3.964510E-001
4.769510E-001  9.133370E-001  3.762220E-001
4.774580E-001  1.511430E+000  3.947870E-001
4.779640E-001  8.735440E-001  4.009710E-001
4.784700E-001  1.037880E+000  3.939150E-001
4.789760E-001  4.824540E-001  3.862820E-001
4.794820E-001  6.228670E-001  3.976680E-001
4.799890E-001  1.038160E+000  3.965840E-001
4.804950E-001  5.060240E-001  4.186150E-001
4.810010E-001  7.277040E-001  4.009380E-001
4.815070E-001  8.303840E-001  3.996680E-001
4.820130E-001  9.634520E-001  4.068780E-001
4.825200E-001  1.097810E+000  4.098590E-001
4.830260E-001  7.497910E-001  4.158900E-001
4.835320E-001  1.132520E+000  3.960450E-001
4.840380E-001  8.701450E-001  4.238000E-001
4.845440E-001  5.604640E-001  4.145180E-001
4.850510E-001  8.357250E-001  4.149920E-001
4.855570E-001  1.234360E+000  4.094900E-001
4.860630E-001  1.117230E+000  4.195790E-001
4.865690E-001  9.040120E-001  4.150520E-001
4.870750E-001  9.602970E-001  4.339580E-001
4.875820E-001  1.217500E+000  4.257230E-001
4.880880E-001  1.117520E+000  2.057980E+000
4.885940E-001  1.151090E+000  4.158460E-001
4.891000E-001  1.118990E+000  4.417120E-001
4.896060E-001  1.131400E+000  4.351280E-001
4.901130E-001  7.634330E-001  4.341780E-001
4.906190E-001  1.126740E+000  4.642430E-001
4.911250E-001  9.257610E-001  4.448050E-001
4.916310E-001  1.187310E+000  4.502650E-001
4.921370E-001  1.076060E+000  4.411760E-001
4.926430E-001  1.048290E+000  4.329030E-001
4.931500E-001  5.456950E-001  4.579670E-001
4.936560E-001  9.882150E-001  4.439460E-001
4.941620E-001  1.430630E+000  4.410910E-001
4.946680E-001  9.494020E-001  4.446700E-001
4.951740E-001  8.840950E-001  4.493860E-001
4.956800E-001  1.115140E+000  4.463600E-001
4.961870E-001  1.026390E+000  4.204200E-001
4.966930E-001  5.142740E-001  4.667680E-001
4.971990E-001  1.088020E+000  4.638210E-001
4.977050E-001  1.205640E+000  4.391470E-001
4.982110E-001  8.662380E-001  4.418170E-001
4.987170E-001  6.925570E-001  4.667750E-001
4.992240E-001  1.018220E+000  4.745850E-001
4.997300E-001  1.275480E+000  6.008430E-001
5.002360E-001  1.477650E+000  8.295370E-001
5.007420E-001  7.369190E-001  6.057760E-001
5.012480E-001  9.422400E-001  4.748680E-001
5.017540E-001  6.027810E-001  4.488070E-001
5.022610E-001  8.576600E-001  4.685400E-001
5.027670E-001  1.086140E+000  4.627440E-001
5.032730E-001  1.268350E+000  4.806440E-001
5.037790E-001  6.118140E-001  6.250410E-001
5.042850E-001  1.286230E+000  4.731270E-001
5.047910E-001  8.234220E-001  4.754520E-001
5.052970E-001  4.635500E-001  4.856940E-001
5.058040E-001  9.503440E-001  4.680420E-001
5.063100E-001  9.911680E-001  4.580220E-001
5.068160E-001  1.285500E+000  5.008410E-001
5.073220E-001  4.191440E-001  4.681030E-001
5.078280E-001  7.239480E-001  4.734340E-001
5.083340E-001  1.541470E+000  4.951350E-001
5.088400E-001  8.852010E-001  5.001160E-001
5.093470E-001  6.688980E-001  5.218170E-001
5.098530E-001  9.278120E-001  5.104910E-001
5.103590E-001  1.455120E+000  5.140180E-001
5.108650E-001  1.094190E+000  5.054290E-001
5.113710E-001  1.634620E+000  4.958150E-001
5.118770E-001  1.029220E+000  5.231210E-001
5.123830E-001  2.945600E-001  5.213340E-001
5.128890E-001  1.295500E+000  5.055250E-001
5.133960E-001  9.859040E-001  4.836400E-001
5.139020E-001  1.224000E+000  5.179960E-001
5.144080E-001  9.927050E-001  5.210350E-001
5.149140E-001  1.405780E+000  5.120800E-001
5.154200E-001  6.000830E-001  5.127310E-001
5.159260E-001  9.359500E-001  4.998710E-001
5.164320E-001  1.068860E+000  5.235120E-001
5.169380E-001  7.654980E-001  5.648000E-001
5.174440E-001  1.052780E+000  5.382540E-001
5.179510E-001  1.129260E+000  5.283090E-001
5.184570E-001  1.187990E+000  5.363280E-001
5.189630E-001  1.067730E+000  5.123500E-001
5.194690E-001  1.308240E+000  5.279870E-001
5.199750E-001  4.469630E-001  5.483370E-001
5.204810E-001  1.558700E+000  5.233760E-001
5.209870E-001  4.423560E-001  5.115650E-001
5.214930E-001  5.508010E-001  5.343940E-001
5.219990E-001  9.880090E-001  5.256170E-001
5.225060E-001  1.274810E+000  5.134790E-001
5.230120E-001  6.366600E-001  5.517020E-001
5.235180E-001  5.453810E-001  5.141570E-001
5.240240E-001  1.029370E+000  5.531430E-001
5.245300E-001  9.190740E-001  5.566630E-001
5.250360E-001  8.615820E-001  5.568950E-001
5.255420E-001  9.016300E-001  5.391270E-001
5.260480E-001  6.527800E-001  5.892750E-001
5.265540E-001  4.445750E-001  5.539820E-001
5.270600E-001  1.451300E-001  6.023510E-001
5.275660E-001  9.384080E-001  5.898000E-001
5.280730E-001  1.169060E+000  5.661930E-001
5.285790E-001  1.197270E+000  6.001340E-001
5.290850E-001  1.036460E+000  5.877010E-001
5.295910E-001  9.767060E-001  5.672820E-001
5.300970E-001  9.808150E-001  6.033210E-001
5.306030E-001  5.950040E-001  6.030320E-001
5.311090E-001  8.682420E-001  5.663560E-001
5.316150E-001  1.029250E+000  6.198340E-001
5.321210E-001  8.785330E-001  6.205050E-001
5.326270E-001  1.584470E+000  6.115600E-001
5.331330E-001  7.064870E-001  6.186140E-001
5.341450E-001  9.639750E-001  6.497280E-001
5.346520E-001  5.858910E-001  6.599400E-001
5.351580E-001  1.108640E+000  6.524170E-001
5.356640E-001  1.608930E+000  6.308580E-001
5.361700E-001  1.471660E+000  6.645540E-001
5.366760E-001  1.415130E+000  6.695600E-001
5.371820E-001  6.923950E-001  6.503440E-001
5.376880E-001  3.380880E-001  6.351930E-001
5.381940E-001  2.171540E+000  6.853470E-001
5.387000E-001  1.386930E+000  7.179590E-001
5.392060E-001  1.171320E+000  7.293120E-001
5.397120E-001  3.370130E-001  6.992850E-001
5.402180E-001  5.148610E-001  7.135550E-001
5.407240E-001  7.310060E-001  7.558410E-001
5.412300E-001  1.638560E+000  7.597870E-001
5.417360E-001  1.414800E-001  8.507800E-001
5.422420E-001  7.440010E-001  8.287670E-001
5.427480E-001  9.698990E-001  7.933830E-001
5.432550E-001  9.503080E-001  8.819910E-001
5.437610E-001  1.598550E+000  8.692380E-001
5.442670E-001  8.179490E-001  1.007450E+000
5.447730E-001  2.946160E-001  1.027120E+000
5.452790E-001  6.295150E-001  1.122720E+000
5.457850E-001  5.751700E-001  1.084110E+000
5.462910E-001  3.102930E-001  1.184290E+000
5.473030E-001  3.410560E-001  1.338080E+000
5.478090E-001  1.195620E+000  1.386030E+000
5.483150E-001  6.384660E-001  1.296270E+000
5.488210E-001  8.168980E-001  1.332610E+000
5.493270E-001  8.796970E-001  1.293460E+000
5.498330E-001  1.000200E+000  1.362390E+000
5.503390E-001  1.516740E+000  1.204530E+000
5.508450E-001  1.274470E+000  1.183480E+000
5.513510E-001  7.448480E-002  1.229350E+000
5.518570E-001  1.539580E+000  1.191350E+000
5.528690E-001  8.195360E-001  1.197730E+000
5.533750E-001  5.005850E-001  1.394240E+000
5.538810E-001  7.768200E-001  1.407620E+000
5.543870E-001  1.019850E+000  1.333590E+000
5.548930E-001  1.976980E+000  1.624230E+000
5.553990E-001  1.532520E+000  1.489840E+000
5.559050E-001  1.626500E+000  1.881900E+000
5.564110E-001  1.862710E+000  2.214770E+000
5.574230E-001  1.962530E+000  1.511840E+000
5.579290E-001  2.127730E+000  2.561400E+000
5.584350E-001  3.921740E-001  1.338050E+000
