  0.0000E+00  0.0000E+00  0.0000E+00
  0.7821E+00  0.5360E-02  0.5721E-03
  0.1564E+01  0.1334E-01  0.9319E-03
  0.2346E+01  0.2391E-01  0.1093E-02
  0.3128E+01  0.3701E-01  0.1077E-02
  0.3911E+01  0.5257E-01  0.9121E-03
  0.4693E+01  0.7050E-01  0.6339E-03
  0.5475E+01  0.9071E-01  0.2872E-03
  0.6257E+01  0.1131E+00  0.1796E-03
  0.7039E+01  0.1375E+00  0.5534E-03
  0.7821E+01  0.1638E+00  0.9205E-03
  0.8603E+01  0.1920E+00  0.1229E-02
  0.9385E+01  0.2218E+00  0.1453E-02
  0.1017E+02  0.2533E+00  0.1577E-02
  0.1095E+02  0.2862E+00  0.1592E-02
  0.1173E+02  0.3205E+00  0.1499E-02
  0.1251E+02  0.3561E+00  0.1309E-02
  0.1330E+02  0.3929E+00  0.1043E-02
  0.1408E+02  0.4308E+00  0.7451E-03
  0.1486E+02  0.4697E+00  0.5191E-03
  0.1564E+02  0.5094E+00  0.5672E-03
  0.1642E+02  0.5500E+00  0.8441E-03
  0.1721E+02  0.5912E+00  0.1163E-02
  0.1799E+02  0.6330E+00  0.1446E-02
  0.1877E+02  0.6752E+00  0.1659E-02
  0.1955E+02  0.7177E+00  0.1782E-02
  0.2034E+02  0.7602E+00  0.1811E-02
  0.2112E+02  0.8026E+00  0.1749E-02
  0.2190E+02  0.8448E+00  0.1611E-02
  0.2268E+02  0.8865E+00  0.1428E-02
  0.2346E+02  0.9275E+00  0.1252E-02
  0.2425E+02  0.9677E+00  0.1156E-02
  0.2503E+02  0.1007E+01  0.1200E-02
  0.2581E+02  0.1045E+01  0.1374E-02
  0.2659E+02  0.1082E+01  0.1615E-02
  0.2737E+02  0.1118E+01  0.1859E-02
  0.2816E+02  0.1152E+01  0.2062E-02
  0.2894E+02  0.1184E+01  0.2199E-02
  0.2972E+02  0.1216E+01  0.2260E-02
  0.3050E+02  0.1245E+01  0.2244E-02
  0.3128E+02  0.1274E+01  0.2166E-02
  0.3207E+02  0.1301E+01  0.2052E-02
  0.3285E+02  0.1327E+01  0.1939E-02
  0.3363E+02  0.1351E+01  0.1874E-02
  0.3441E+02  0.1375E+01  0.1893E-02
  0.3520E+02  0.1398E+01  0.2003E-02
  0.3598E+02  0.1420E+01  0.2179E-02
  0.3676E+02  0.1442E+01  0.2381E-02
  0.3754E+02  0.1464E+01  0.2571E-02
  0.3832E+02  0.1485E+01  0.2720E-02
  0.3911E+02  0.1505E+01  0.2815E-02
  0.3989E+02  0.1526E+01  0.2851E-02
  0.4067E+02  0.1546E+01  0.2839E-02
  0.4145E+02  0.1567E+01  0.2797E-02
  0.4223E+02  0.1587E+01  0.2753E-02
  0.4302E+02  0.1607E+01  0.2739E-02
  0.4380E+02  0.1627E+01  0.2776E-02
  0.4458E+02  0.1647E+01  0.2872E-02
  0.4536E+02  0.1667E+01  0.3016E-02
  0.4615E+02  0.1686E+01  0.3181E-02
  0.4693E+02  0.1705E+01  0.3339E-02
  0.4771E+02  0.1724E+01  0.3466E-02
  0.4849E+02  0.1743E+01  0.3543E-02
  0.4927E+02  0.1761E+01  0.3563E-02
  0.5006E+02  0.1779E+01  0.3529E-02
  0.5084E+02  0.1797E+01  0.3455E-02
  0.5162E+02  0.1815E+01  0.3365E-02
  0.5240E+02  0.1833E+01  0.3286E-02
  0.5318E+02  0.1850E+01  0.3246E-02
  0.5397E+02  0.1868E+01  0.3262E-02
  0.5475E+02  0.1886E+01  0.3338E-02
  0.5553E+02  0.1904E+01  0.3457E-02
  0.5631E+02  0.1923E+01  0.3596E-02
  0.5709E+02  0.1941E+01  0.3728E-02
  0.5788E+02  0.1960E+01  0.3832E-02
  0.5866E+02  0.1980E+01  0.3896E-02
  0.5944E+02  0.1999E+01  0.3917E-02
  0.6022E+02  0.2019E+01  0.3902E-02
  0.6101E+02  0.2039E+01  0.3869E-02
  0.6179E+02  0.2059E+01  0.3837E-02
  0.6257E+02  0.2080E+01  0.3829E-02
  0.6335E+02  0.2100E+01  0.3859E-02
  0.6413E+02  0.2120E+01  0.3929E-02
  0.6492E+02  0.2139E+01  0.4030E-02
  0.6570E+02  0.2158E+01  0.4144E-02
  0.6648E+02  0.2177E+01  0.4249E-02
  0.6726E+02  0.2195E+01  0.4324E-02
  0.6804E+02  0.2212E+01  0.4357E-02
  0.6883E+02  0.2228E+01  0.4342E-02
  0.6961E+02  0.2244E+01  0.4285E-02
  0.7039E+02  0.2258E+01  0.4198E-02
  0.7117E+02  0.2271E+01  0.4103E-02
  0.7196E+02  0.2283E+01  0.4024E-02
  0.7274E+02  0.2293E+01  0.3984E-02
  0.7352E+02  0.2303E+01  0.3994E-02
  0.7430E+02  0.2311E+01  0.4055E-02
  0.7508E+02  0.2318E+01  0.4154E-02
  0.7587E+02  0.2323E+01  0.4270E-02
  0.7665E+02  0.2327E+01  0.4382E-02
  0.7743E+02  0.2329E+01  0.4474E-02
  0.7821E+02  0.2329E+01  0.4534E-02
  0.7899E+02  0.2328E+01  0.4563E-02
  0.7978E+02  0.2324E+01  0.4566E-02
  0.8056E+02  0.2319E+01  0.4557E-02
  0.8134E+02  0.2312E+01  0.4550E-02
  0.8212E+02  0.2302E+01  0.4558E-02
  0.8291E+02  0.2291E+01  0.4585E-02
  0.8369E+02  0.2277E+01  0.4631E-02
  0.8447E+02  0.2261E+01  0.4684E-02
  0.8525E+02  0.2243E+01  0.4728E-02
  0.8603E+02  0.2222E+01  0.4748E-02
  0.8682E+02  0.2199E+01  0.4731E-02
  0.8760E+02  0.2174E+01  0.4670E-02
  0.8838E+02  0.2147E+01  0.4568E-02
  0.8916E+02  0.2118E+01  0.4436E-02
  0.8994E+02  0.2087E+01  0.4294E-02
  0.9073E+02  0.2054E+01  0.4169E-02
  0.9151E+02  0.2020E+01  0.4086E-02
  0.9229E+02  0.1984E+01  0.4064E-02
  0.9307E+02  0.1946E+01  0.4108E-02
  0.9385E+02  0.1907E+01  0.4209E-02
  0.9464E+02  0.1867E+01  0.4345E-02
  0.9542E+02  0.1826E+01  0.4493E-02
  0.9620E+02  0.1783E+01  0.4631E-02
  0.9698E+02  0.1740E+01  0.4741E-02
  0.9777E+02  0.1695E+01  0.4819E-02
  0.9855E+02  0.1649E+01  0.4864E-02
  0.9933E+02  0.1602E+01  0.4884E-02
  0.1001E+03  0.1554E+01  0.4888E-02
  0.1009E+03  0.1505E+01  0.4885E-02
  0.1017E+03  0.1455E+01  0.4881E-02
  0.1025E+03  0.1404E+01  0.4875E-02
  0.1032E+03  0.1352E+01  0.4859E-02
  0.1040E+03  0.1299E+01  0.4823E-02
  0.1048E+03  0.1245E+01  0.4753E-02
  0.1056E+03  0.1190E+01  0.4643E-02
  0.1064E+03  0.1136E+01  0.4489E-02
  0.1072E+03  0.1081E+01  0.4297E-02
  0.1079E+03  0.1026E+01  0.4085E-02
  0.1087E+03  0.9711E+00  0.3877E-02
  0.1095E+03  0.9170E+00  0.3706E-02
  0.1103E+03  0.8638E+00  0.3603E-02
  0.1111E+03  0.8115E+00  0.3587E-02
  0.1118E+03  0.7606E+00  0.3657E-02
  0.1126E+03  0.7111E+00  0.3791E-02
  0.1134E+03  0.6633E+00  0.3959E-02
  0.1142E+03  0.6172E+00  0.4129E-02
  0.1150E+03  0.5731E+00  0.4279E-02
  0.1158E+03  0.5308E+00  0.4396E-02
  0.1165E+03  0.4905E+00  0.4478E-02
  0.1173E+03  0.4521E+00  0.4531E-02
  0.1181E+03  0.4155E+00  0.4563E-02
  0.1189E+03  0.3808E+00  0.4584E-02
  0.1197E+03  0.3478E+00  0.4598E-02
  0.1204E+03  0.3164E+00  0.4601E-02
  0.1212E+03  0.2866E+00  0.4585E-02
  0.1220E+03  0.2583E+00  0.4536E-02
  0.1228E+03  0.2315E+00  0.4442E-02
  0.1236E+03  0.2062E+00  0.4298E-02
  0.1244E+03  0.1824E+00  0.4108E-02
  0.1251E+03  0.1601E+00  0.3891E-02
  0.1259E+03  0.1394E+00  0.3678E-02
  0.1267E+03  0.1204E+00  0.3507E-02
  0.1275E+03  0.1032E+00  0.3410E-02
  0.1283E+03  0.8780E-01  0.3396E-02
  0.1291E+03  0.7431E-01  0.3448E-02
  0.1298E+03  0.6273E-01  0.3525E-02
  0.1306E+03  0.5305E-01  0.3590E-02
  0.1314E+03  0.4517E-01  0.3624E-02
  0.1322E+03  0.3895E-01  0.3646E-02
  0.1330E+03  0.3418E-01  0.3706E-02
  0.1337E+03  0.3058E-01  0.3873E-02
  0.1345E+03  0.2782E-01  0.4184E-02
  0.1353E+03  0.2552E-01  0.4604E-02
  0.1361E+03  0.2328E-01  0.5015E-02
  0.1369E+03  0.2068E-01  0.5245E-02
  0.1377E+03  0.1734E-01  0.5091E-02
  0.1384E+03  0.1292E-01  0.4326E-02
  0.1392E+03  0.7186E-02  0.2712E-02
  0.1400E+03  0.0000E+00  0.0000E+00